Sea Zone NE2  (694,268)  (669,292)  (669,267)  (718,293)  (694,243)  (719,243)  (719,268)  (667,242)  (693,317)  (668,317)  (644,292)  (644,267)  (743,293)  (743,318)  (718,318)  (643,318)  (692,218)  (744,253)  (642,242)  (643,217)  (693,342)  (668,342)  (768,278)  (768,303)  (768,328)  (643,343)  (618,340)  (668,193)  (793,302)  (654,168)
Sea Zone SSE1  (758,928)  (733,952)  (733,927)  (782,953)  (758,903)  (783,903)  (783,928)  (731,902)  (708,975)  (708,950)  (807,953)  (756,878)  (781,878)  (808,892)  (808,917)  (706,925)  (706,900)  (731,877)  (704,875)  (832,942)  (832,967)  (833,917)  (681,928)  (681,903)  (679,878)  (857,942)  (857,967)
SE Beach  (590,598)  (565,621)  (599,573)
Sea Zone NWW4  (312,446)  (287,470)  (336,471)  (337,442)  (262,472)  (237,472)
Sea Zone NWW3  (190,395)  (165,419)  (165,394)  (214,420)  (190,370)  (215,370)  (215,395)  (163,369)  (189,444)  (164,444)  (140,419)  (140,394)  (239,420)  (139,445)  (240,373)  (264,398)  (289,384)  (289,409)  (314,389)
Sea Zone NWW2  (46,396)  (21,420)  (21,395)  (70,421)  (46,371)  (71,371)  (71,396)  (19,370)  (45,445)  (20,445)  (95,421)  (95,446)  (70,446)  (44,346)  (69,346)  (94,346)  (96,371)  (96,396)  (0,345)  (45,470)  (20,470)  (109,471)  (84,471)  (0,320)
Sea Zone NW2  (266,266)  (241,290)  (241,265)  (290,291)  (266,241)  (291,241)  (291,266)  (265,315)  (240,315)  (216,290)  (315,291)  (315,316)  (290,316)  (215,316)  (268,216)  (293,216)  (316,241)  (316,266)  (318,214)  (265,340)  (340,291)  (340,316)  (340,341)  (315,341)  (290,341)  (190,326)  (190,301)  (293,191)  (341,259)  (318,189)  (165,320)  (320,164)
Sea Zone NWW1  (44,211)  (19,235)  (19,210)  (68,236)  (44,186)  (69,186)  (69,211)  (17,185)  (43,260)  (18,260)  (93,236)  (93,261)  (68,261)  (42,161)  (67,161)  (94,178)  (94,203)  (0,160)  (43,285)  (18,285)  (109,286)  (84,286)  (25,136)  (50,136)  (0,135)  (25,111)  (0,110)
Sea Zone SEE4  (652,515)  (627,528)  (627,503)  (677,503)  (677,528)  (702,503)  (727,503)  (752,503)
Sea Zone NW1  (184,190)  (159,214)  (159,189)  (208,215)  (184,165)  (209,165)  (209,190)  (183,239)  (158,239)  (193,140)  (218,140)  (234,165)  (234,190)  (243,139)  (162,264)  (259,164)  (268,139)
Sea Zone SEE3  (776,565)  (751,589)  (751,564)  (800,590)  (776,540)  (801,540)  (801,565)  (726,600)  (726,575)  (825,590)  (825,615)  (800,615)  (826,517)  (826,542)  (701,595)  (701,570)  (676,589)
Sea Zone SEE2  (919,567)  (894,591)  (894,566)  (943,592)  (919,542)  (944,542)  (944,567)  (892,541)  (918,616)  (893,616)  (869,591)  (869,566)  (968,592)  (968,617)  (943,617)  (868,617)  (917,517)  (942,517)  (967,517)  (969,542)  (969,567)  (867,541)  (867,516)  (892,516)  (918,641)  (975,642)  (950,642)
Sea Zone SEE1  (921,747)  (896,771)  (896,746)  (945,772)  (921,722)  (946,722)  (946,747)  (894,721)  (920,796)  (895,796)  (871,771)  (871,746)  (970,772)  (970,797)  (945,797)  (919,697)  (944,697)  (969,697)  (971,722)  (971,747)  (869,721)  (869,696)  (894,696)  (920,821)  (975,822)  (950,822)  (866,671)  (975,847)  (950,847)  (975,872)
Sea Zone NNE1  (761,44)  (736,68)  (736,43)  (785,69)  (761,19)  (786,19)  (786,44)  (734,18)  (760,93)  (735,93)  (711,68)  (711,43)  (810,69)  (797,94)  (710,94)  (811,0)  (811,25)  (709,18)  (686,69)  (686,44)  (835,50)  (685,109)  (836,0)  (836,25)  (861,0)  (861,25)
Sea Zone NE1  (782,177)  (757,201)  (757,176)  (806,202)  (782,152)  (807,165)  (755,151)  (781,226)  (732,183)  (831,190)  (831,215)  (806,227)  (730,158)  (836,240)  (811,252)  (705,156)  (836,265)
Sea Zone NNE2  (563,42)  (538,66)  (538,41)  (587,67)  (563,17)  (588,17)  (588,42)  (536,16)  (562,91)  (537,91)  (513,66)  (513,41)  (612,67)  (612,92)  (587,92)  (512,92)  (613,0)  (613,25)  (511,16)  (637,50)  (637,75)  (638,0)  (638,25)
Sea Zone NNE3  (569,194)  (544,218)  (544,193)  (593,219)  (569,169)  (594,169)  (594,194)  (542,168)  (568,243)  (602,244)  (567,144)  (592,144)  (617,144)  (517,149)  (542,143)  (577,268)  (591,293)
Sea Zone NNE4  (519,312)  (533,337)  (508,337)  (503,287)  (503,262)  (503,237)
West Beach  (386,483)  (393,508)  (411,475)
Sea Zone SSW2  (400,923)  (375,947)  (375,922)  (424,948)  (400,898)  (425,898)  (425,923)  (373,897)  (399,972)  (374,972)  (350,947)  (350,922)  (449,948)  (449,973)  (424,973)  (349,973)  (398,873)  (423,873)  (448,873)  (450,898)  (450,923)  (348,897)  (348,872)  (373,872)  (325,948)  (324,975)
Sea Zone SSW3  (397,780)  (372,804)  (372,779)  (421,805)  (397,755)  (422,755)  (422,780)  (370,754)  (396,829)  (371,829)  (446,805)  (446,830)  (421,830)  (395,730)  (420,730)  (379,705)  (404,705)  (385,680)
Sea Zone SSW1  (212,923)  (187,947)  (187,922)  (236,948)  (212,898)  (237,898)  (237,923)  (185,897)  (211,972)  (186,972)  (162,947)  (162,922)  (261,948)  (261,973)  (236,973)  (161,973)  (210,873)  (235,873)  (260,873)  (262,898)  (262,923)  (285,866)  (137,948)  (137,923)  (286,948)  (136,975)  (287,891)  (287,916)  (112,950)  (111,975)
North Beach  (477,388)  (500,413)  (502,385)
Sea Zone SSE2  (566,921)  (541,945)  (541,920)  (590,946)  (566,896)  (591,896)  (591,921)  (539,895)  (565,970)  (540,970)  (516,945)  (516,920)  (615,946)  (615,971)  (590,971)  (515,971)  (564,871)  (589,871)  (614,871)  (616,896)  (616,921)  (514,895)  (514,870)  (539,870)  (640,946)  (640,971)  (641,905)
Sea Zone NNW3  (396,205)  (371,229)  (371,204)  (420,230)  (396,180)  (421,180)  (421,205)  (369,179)  (395,254)  (422,255)  (394,155)  (419,155)  (444,155)  (446,180)  (353,154)  (397,279)  (405,304)
Sea Zone SSE3  (570,781)  (545,805)  (545,780)  (594,806)  (570,756)  (595,756)  (595,781)  (543,755)  (569,830)  (544,830)  (619,806)  (619,831)  (594,831)  (519,831)  (568,731)  (593,731)  (558,706)  (583,706)  (566,681)  (591,681)
Sea Zone NNW2  (390,43)  (365,67)  (365,42)  (414,68)  (390,18)  (415,18)  (415,43)  (363,17)  (389,92)  (364,92)  (340,67)  (340,42)  (439,68)  (439,93)  (414,93)  (339,92)  (440,0)  (440,25)  (338,17)  (464,50)  (464,75)  (464,100)  (465,0)  (465,25)
Sea Zone NNW1  (205,41)  (180,65)  (180,40)  (229,66)  (205,16)  (230,16)  (230,41)  (178,15)  (204,90)  (179,90)  (155,65)  (155,40)  (254,66)  (254,91)  (229,91)  (255,0)  (255,25)  (153,15)  (130,46)  (279,50)  (279,75)  (279,100)  (280,0)  (280,25)  (128,21)  (304,92)  (103,19)
NW Corridor  (416,418)  (437,443)
Sea Zone SSE4  (516,640)  (533,665)  (508,665)  (525,690)  (516,715)  (508,740)
Sea Zone NNW4  (446,313)  (470,338)  (445,338)  (449,288)  (471,313)  (458,263)  (466,238)
Sea Zone NEE3  (780,393)  (755,417)  (755,392)  (804,418)  (780,368)  (805,368)  (805,393)  (779,442)  (730,425)  (730,400)  (730,375)  (829,418)  (829,443)  (804,443)  (830,351)  (830,376)  (705,417)  (705,392)  (680,408)
Sea Zone NEE4  (649,449)  (624,472)  (674,445)  (674,470)  (699,454)  (724,462)  (749,470)
SE Corridor  (556,552)  (531,541)
Berlin  (36,939)  (11,963)  (11,938)  (56,964)
Tokyo  (935,29)  (959,54)  (916,4)  (941,4)  (960,29)  (966,0)
Sea Zone NEE1  (921,209)  (896,233)  (896,208)  (945,234)  (921,184)  (946,184)  (946,209)  (894,183)  (920,258)  (895,258)  (871,233)  (871,208)  (970,234)  (970,259)  (945,259)  (870,259)  (919,159)  (944,159)  (969,159)  (971,184)  (971,209)  (920,283)  (895,283)  (973,284)  (948,284)  (870,284)  (925,134)  (950,134)  (975,134)  (950,109)  (975,109)
Frankfurt  (117,856)  (92,880)  (120,881)  (118,831)  (142,856)  (95,905)  (70,905)
Sea Zone NEE2  (921,391)  (896,415)  (896,390)  (945,416)  (921,366)  (946,366)  (946,391)  (894,365)  (920,440)  (895,440)  (871,415)  (871,390)  (970,416)  (970,441)  (945,441)  (870,441)  (919,341)  (944,341)  (969,341)  (971,366)  (971,391)  (869,365)  (878,340)  (920,465)  (895,465)  (975,466)  (950,466)  (870,466)
New York  (863,856)  (838,864)  (838,839)  (887,881)  (912,886)  (887,906)
Sea Zone SE2  (690,690)  (665,714)  (665,689)  (714,715)  (690,665)  (715,665)  (715,690)  (663,664)  (689,739)  (664,739)  (640,714)  (640,689)  (739,715)  (726,740)  (639,739)  (688,640)  (713,640)  (738,640)  (740,665)  (740,690)  (638,664)  (638,639)  (663,639)  (701,764)  (676,764)  (651,764)  (765,645)  (765,670)  (765,695)  (677,789)  (652,789)  (790,650)  (790,675)
Sea Zone SE1  (781,780)  (756,804)  (756,779)  (805,805)  (781,755)  (806,755)  (806,780)  (780,829)  (755,829)  (731,804)  (730,830)  (794,730)  (819,730)  (831,755)  (831,780)  (705,836)  (819,705)
South Beach  (480,584)  (477,559)  (505,575)
East Beach  (585,483)  (560,499)  (588,508)
Moscow  (30,27)  (5,51)  (5,26)  (30,2)  (55,2)  (3,1)
SW Beach  (369,590)  (394,592)  (354,565)  (399,617)
NE Beach  (585,365)  (610,390)  (609,415)
Osaka  (858,114)  (833,133)  (862,139)  (860,89)  (883,114)  (885,87)  (887,62)  (910,87)
Washington  (934,941)  (959,921)  (959,946)  (934,966)  (964,971)
St. Petersburg  (108,106)  (83,109)  (83,84)  (132,131)  (73,59)  (58,84)
Sea Zone SSW4  (450,642)  (472,667)  (447,667)  (472,692)  (472,717)  (472,742)
NE Corridor  (547,407)  (569,432)  (544,432)
Sea Zone SWW2  (46,576)  (21,600)  (21,575)  (70,601)  (46,551)  (71,551)  (71,576)  (19,550)  (45,625)  (20,625)  (95,601)  (95,626)  (70,626)  (44,526)  (69,526)  (94,526)  (96,551)  (96,576)  (0,525)  (29,650)  (4,650)
NW Beach  (375,379)  (375,404)  (400,357)
Sea Zone SWW3  (196,570)  (171,594)  (171,569)  (220,595)  (196,545)  (221,545)  (221,570)  (169,544)  (169,619)  (146,594)  (146,569)  (245,595)  (246,550)  (144,621)  (144,544)  (144,519)  (270,575)  (295,567)
Sea Zone SW2  (278,693)  (253,717)  (253,692)  (302,718)  (278,668)  (303,668)  (303,693)  (251,667)  (277,742)  (252,742)  (228,717)  (228,692)  (327,718)  (327,743)  (302,743)  (276,643)  (301,643)  (326,643)  (328,668)  (328,693)  (226,667)  (226,642)  (251,642)  (351,630)  (277,767)  (203,694)  (329,768)  (304,768)  (353,655)  (201,669)  (324,793)  (176,667)
Sea Zone SWW1  (44,763)  (19,787)  (19,762)  (68,788)  (44,738)  (69,738)  (69,763)  (17,737)  (43,812)  (18,812)  (93,788)  (78,813)  (42,713)  (67,713)  (92,713)  (94,738)  (94,763)  (0,712)  (53,837)  (28,837)  (3,837)  (25,688)  (50,688)  (75,688)  (100,688)  (29,862)  (4,862)
Sea Zone SW1  (185,777)  (160,801)  (160,776)  (209,802)  (185,752)  (210,759)  (158,751)  (184,826)  (234,784)  (234,809)  (209,827)  (139,726)  (164,726)  (241,834)  (259,808)  (139,701)  (266,833)
The Center  (483,482)  (458,490)  (506,507)  (508,470)  (481,515)
Sea Zone SWW4  (313,512)  (288,526)  (325,537)  (338,503)  (263,517)  (238,509)
SW Corridor  (411,552)  (436,531)  (436,556)